00000000
00000000
00000000
00000000
00000000
00000000
00000000
00000000
00000000
00000000
00000000
00000000
00000000
00000000
00000000
00000000
00000000
00000000
00000000
00000000
00000000
00000000
00000000
00000000
00000000
00000000
00000000
00000000
00000000
00000000
00000000
00000000
00000000
00000000
00000000
00000000
00000000
00000000
00000000
00000000
00000000
00000000
00000000
00000000
00000000
00000000
00000000
00000000
00000000
00000000
00000000
00000000
00000000
00000000
00000000
00000000
00000000
00000000
00000000
00000000
00000000
00000000
00000000
00000000
00000000
00000000
00000000
00000000
00000000
00000000
00000000
00000000
00000000
00000000
00000000
00000000
00000000
00000000
00000000
00000000
00000000
00000000
00000000
00000000
00000000
00000000
00000000
00000000
00000000
00000000
00000000
00000000
00000000
00000000
00000000
00000000
00000000
00000000
00000000
00000000
00000000
00000000
00000000
00000000
00000000
00000000
00000000
00000000
00000000
00000000
00000000
00000000
00000000
00000000
00000000
00000000
00000000
00000000
00000000
00000000
00000000
00000000
00000000
00000000
00000000
00000000
00000000
00000000
00000000
00000000
00000000
00000000
00000000
00000000
00000000
00000000
00000000
00000000
00000000
00000000
00000000
00000000
00000000
00000000
00000000
00000000
00000000
00000000
00000000
00000000
00000000
00000000
00000000
00000000
00000000
00000000
00000000
00000000
00000000
00000000
00000000
00000000
00000000
00000000
00000000
00000000
00000000
00000000
00000000
00000000
00000000
00000000
00000000
00000000
00000000
00000000
00000000
00000000
00000000
00000000
00000000
00000000
00000000
00000000
00000000
00000000
00000000
00000000
00000000
00000000
00000000
00000000
00000000
00000000
00000000
00000000
00000000
00000000
00000000
00000000
00000000
00000000
00000000
00000000
00000000
00000000
00000000
00000000
00000000
00000000
00000000
00000000
00000000
00000000
00000000
00000000
00000000
00000000
00000000
00000000
00000000
00000000
00000000
00000000
00000000
00000000
00000000
00000000
00000000
00000000
00000000
00000000
00000000
00000000
00000000
00000000
00000000
00000000
00000000
00000000
00000000
00000000
00000000
00000000
00000000
00000000
00000000
00000000
00000000
00000000
00000000
00000000
00000000
00000000
00000000
00000000
00000000
00000000
00000000
00000000
00000000
00000000
00000000
00000000
00010000
00010000
00010000
00010000
00010000
00000000
00010000
00000000
00101000
00101000
00000000
00000000
00000000
00000000
00000000
00000000
00101000
00101000
11111110
00101000
11111110
00101000
00101000
00000000
00010000
00111100
01010000
00111000
00010100
01111000
00010000
00000000
00000000
01100100
01101000
00010000
00101100
01001100
00000000
00000000
00110000
01010000
00100000
01010000
10001100
10001000
01110100
00000000
00010000
00010000
00000000
00000000
00000000
00000000
00000000
00000000
00001000
00010000
00100000
00100000
00100000
00010000
00001000
00000000
00100000
00010000
00001000
00001000
00001000
00010000
00100000
00000000
00010000
10010010
01010100
00111000
01010100
10010010
00010000
00000000
00010000
00010000
00010000
11111110
00010000
00010000
00010000
00000000
00000000
00000000
00000000
00000000
00011000
00011000
00001000
00010000
00000000
00000000
00000000
11111110
00000000
00000000
00000000
00000000
00000000
00000000
00000000
00000000
00000000
00011000
00011000
00000000
00000010
00000100
00001000
00010000
00100000
01000000
10000000
00000000
00111000
01000100
01000100
01010100
01000100
01000100
00111000
00000000
00010000
00110000
00010000
00010000
00010000
00010000
00111000
00000000
00111000
01000100
00000100
00001000
00010000
00100000
01111100
00000000
00111000
01000100
00000100
00011000
00000100
01000100
00111000
00000000
00011000
00101000
01001000
01111100
00001000
00001000
00011100
00000000
01111100
01000000
01000000
01111000
00000100
01000100
00111000
00000000
00111000
01000100
01000000
01111000
01000100
01000100
00111000
00000000
01111100
00000100
00001000
00010000
00100000
00100000
00100000
00000000
00111000
01000100
01000100
00111000
01000100
01000100
00111000
00000000
00111000
01000100
01000100
00111100
00000100
01000100
00111000
00000000
00000000
00011000
00011000
00000000
00011000
00011000
00000000
00000000
00000000
00011000
00011000
00000000
00011000
00011000
00001000
00010000
00001000
00010000
00100000
01000000
00100000
00010000
00001000
00000000
00000000
00000000
11111110
00000000
11111110
00000000
00000000
00000000
01000000
00100000
00010000
00001000
00010000
00100000
01000000
00000000
00111000
01000100
00000100
00001000
00010000
00000000
00010000
00000000
00111000
01000100
01011100
01010100
01011100
01000000
00111000
00000000
00111000
01000100
01000100
01111100
01000100
01000100
01000100
00000000
01111000
01000100
01000100
01111000
01000100
01000100
01111000
00000000
00111000
01000100
01000000
01000000
01000000
01000100
00111000
00000000
01111000
01000100
01000100
01000100
01000100
01000100
01111000
00000000
01111100
01000000
01000000
01111000
01000000
01000000
01111100
00000000
01111100
01000000
01000000
01111100
01000000
01000000
01000000
00000000
00111000
01000100
01000000
01011100
01000100
01000100
00111000
00000000
01000100
01000100
01000100
01111100
01000100
01000100
01000100
00000000
00111000
00010000
00010000
00010000
00010000
00010000
00111000
00000000
00011100
00001000
00001000
00001000
01001000
01001000
00110000
00000000
01000100
01000100
01001000
01110000
01001000
01000100
01000100
00000000
00100000
00100000
00100000
00100000
00100000
00100000
00111100
00000000
10000010
11000110
10101010
10010010
10000010
10000010
10000010
00000000
01000100
01100100
01010100
01010100
01001100
01000100
01000100
00000000
00111000
01000100
01000100
01000100
01000100
01000100
00111000
00000000
00111000
00100100
00100100
00111000
00100000
00100000
00100000
00000000
00111000
01000100
01000100
01000100
01000100
01000100
00111000
00001100
01111000
01000100
01000100
01111000
01010000
01001000
01000100
00000000
00111000
01000100
01000000
00111000
00000100
01000100
00111000
00000000
01111100
00010000
00010000
00010000
00010000
00010000
00010000
00000000
01000100
01000100
01000100
01000100
01000100
01000100
00111000
00000000
01000100
01000100
01000100
00101000
00101000
00010000
00010000
00000000
10000010
10000010
10000010
01010100
01010100
00101000
00101000
00000000
01000100
01000100
00101000
00010000
00101000
01000100
01000100
00000000
01000100
01000100
00101000
00010000
00010000
00010000
00010000
00000000
01111100
00000100
00001000
00010000
00100000
01000000
01111100
00000000
00111000
00100000
00100000
00100000
00100000
00100000
00111000
00000000
10000000
01000000
00100000
00010000
00001000
00000100
00000010
00000000
00111000
00001000
00001000
00001000
00001000
00001000
00111000
00000000
00010000
00101000
01000100
00000000
00000000
00000000
00000000
00000000
00000000
00000000
00000000
00000000
00000000
00000000
00000000
11111110
00100000
00010000
00000000
00000000
00000000
00000000
00000000
00000000
00000000
00111000
00000100
00111100
01000100
01000100
00111010
00000000
00100000
00100000
00111000
00100100
00100100
00100100
01011000
00000000
00000000
00000000
00111000
01000000
01000000
01000000
00111000
00000000
00000100
00000100
00011100
00100100
00100100
00100100
00011010
00000000
00000000
00000000
00111000
01000100
01111100
01000000
00111000
00000000
00011000
00100100
00100000
01110000
00100000
00100000
00100000
00000000
00000000
00000000
00111010
01000100
01000100
00111100
00000100
00111000
01000000
01000000
01011000
01100100
01000100
01000100
01000100
00000000
00000000
00010000
00000000
00010000
00010000
00010000
00010000
00000000
00000000
00010000
00000000
00010000
00010000
00010000
00010000
01100000
01000000
01000000
01001000
01010000
01100000
01010000
01001000
00000000
00110000
00010000
00010000
00010000
00010000
00010000
00010000
00000000
00000000
00000000
01101100
10010010
10010010
10000010
10000010
00000000
00000000
00000000
01011000
00100100
00100100
00100100
00100100
00000000
00000000
00000000
00111000
01000100
01000100
01000100
00111000
00000000
00000000
00000000
01011000
00100100
00100100
00111000
00100000
00100000
00000000
00000000
00110100
01001000
01001000
00111000
00001000
00001000
00000000
00000000
01011000
01100000
01000000
01000000
01000000
00000000
00000000
00000000
00111000
01000000
00110000
00001000
01110000
00000000
00000000
00010000
00111000
00010000
00010000
00010000
00010000
00000000
00000000
00000000
01001000
01001000
01001000
01001000
00110100
00000000
00000000
00000000
01000100
01000100
01000100
00101000
00010000
00000000
00000000
00000000
10000010
10000010
10010010
10101010
01000100
00000000
00000000
00000000
01000100
00101000
00010000
00101000
01000100
00000000
00000000
00000000
00100100
00100100
00100100
00011100
00000100
00111000
00000000
00000000
01111000
00001000
00010000
00100000
01111000
00000000
00011000
00100000
00100000
01000000
00100000
00100000
00011000
00000000
00010000
00010000
00010000
00010000
00010000
00010000
00010000
00000000
01100000
00010000
00010000
00001000
00010000
00010000
01100000
00000000
00000000
00000000
01100000
10010010
00001100
00000000
00000000
00000000
00000000
00000000
00000000
00000000
00000000
00000000
00000000
00000000